PS C:\Users\rowa\Desktop\Facultad\SyL\ejercicios\01-Interfaces_Make> ./TablasDeConversion.exe
Conversion de Farenheit a Celsius
  0 -17.78
 20  -6.67
 40   4.44
 60  15.56
 80  26.67
100  37.78
120  48.89
140  60.00
160  71.11
180  82.22
200  93.33
220 104.44
240 115.56
260 126.67
280 137.78
300 148.89
Conversion de Celsius a Farenheit
-20  -4.00
-10  14.00
  0  32.00
 10  50.00
 20  68.00
 30  86.00
 40 104.00
 50 122.00
 60 140.00
 70 158.00
 80 176.00
 90 194.00
100 212.00
110 230.00
120 248.00
130 266.00
140 284.00
150 302.00
160 320.00
170 338.00
180 356.00
190 374.00
200 392.00
